
  --------------------------------- START OF FEAP LOG ----------------------------------

  INPUT FILE NAME: if                                                                                                                              

  MESH INPUT RECORDS
  ------------------
     NOPRint                        
     PARAmeters                     
     PARAmeter                      
     PARAmeter                      
     PARAmeters                     
     BLOCk                          
     BLOCk                          
     BLOCk                          
     BLOCk                          
     BLOCk                          
     BLOCk                          
     BLOCk                          
     BLOCk                          
     BLOCk                          
     BLOCk                          
     BLOCk                          
     BLOCk                          
     BLOCk                          
     BLOCk                          
     BLOCk                          
     BLOCk                          
     BLOCk                          
     BLOCk                          
     BLOCk                          
     BLOCk                          
     BLOCk                          
     BLOCk                          
     BLOCk                          
     BLOCk                          
     BLOCk                          
     BLOCk                          
     BLOCk                          
     BLOCk                          
     BLOCk                          
     BLOCk                          
     BLOCk                          
     BLOCk                          
     MATErial        1              
     MATErial        2              
     MATErial        3              
     MATErial        4              
     PARAmeter                      
     MATErial        5              
     EBOUndary                      
     EDISplacement                  
     END                            

  --------------------------------- END OF MESH INPUTS ---------------------------------


  SOLUTION SUMMARY
  ----------------

  Load    Total     Solution      Time     Residual Norm        Energy Norm     CPU Time
  Step  Tang+Forms      Time      Incr.  Initial     Final   Initial     Final (Seconds)
  --------------------------------------------------------------------------------------
     1     4    0  1.000E-01  1.00E-01  3.04E-01  2.18E-09  5.59E+00 -4.47E-15      3.34
     2     3    0  2.000E-01  1.00E-01  9.46E-03  7.01E-09  8.66E-02 -4.76E-14      4.43
     3     3    0  3.000E-01  1.00E-01  9.48E-03  7.43E-09  8.82E-02 -5.33E-14      5.53
     4     3    0  4.000E-01  1.00E-01  9.40E-03  7.49E-09  8.69E-02 -5.41E-14      6.63
     5     3    0  5.000E-01  1.00E-01  9.26E-03  7.44E-09  8.40E-02 -5.33E-14      7.73
     6     3    0  6.000E-01  1.00E-01  9.10E-03  7.36E-09  8.09E-02 -5.19E-14      8.83
     7     3    0  7.000E-01  1.00E-01  8.94E-03  7.27E-09  7.81E-02 -5.06E-14      9.92
     8     3    0  8.000E-01  1.00E-01  8.81E-03  7.19E-09  7.55E-02 -4.93E-14     11.02
     9     3    0  9.000E-01  1.00E-01  8.68E-03  7.11E-09  7.32E-02 -4.81E-14     12.12
    10     3    0  1.000E+00  1.00E-01  8.57E-03  7.04E-09  7.11E-02 -4.70E-14     13.21
    11     3    0  1.100E+00  1.00E-01  8.47E-03  6.97E-09  6.92E-02 -4.60E-14     14.31
    12     3    0  1.200E+00  1.00E-01  8.37E-03  6.90E-09  6.75E-02 -4.50E-14     15.40
    13     3    0  1.300E+00  1.00E-01  8.28E-03  6.84E-09  6.59E-02 -4.41E-14     16.49
    14     3    0  1.400E+00  1.00E-01  8.19E-03  6.78E-09  6.44E-02 -4.32E-14     17.59
    15     3    0  1.500E+00  1.00E-01  8.11E-03  6.72E-09  6.30E-02 -4.24E-14     18.69
    16     3    0  1.600E+00  1.00E-01  8.04E-03  6.67E-09  6.16E-02 -4.16E-14     19.78
    17     3    0  1.700E+00  1.00E-01  7.96E-03  6.61E-09  6.04E-02 -4.08E-14     20.88
    18     3    0  1.800E+00  1.00E-01  7.89E-03  6.56E-09  5.92E-02 -4.01E-14     21.97
    19     3    0  1.900E+00  1.00E-01  7.82E-03  6.51E-09  5.80E-02 -3.94E-14     23.07
    20     3    0  2.000E+00  1.00E-01  7.75E-03  6.46E-09  5.70E-02 -3.87E-14     24.20
    21     3    0  2.100E+00  1.00E-01  7.69E-03  6.41E-09  5.59E-02 -3.81E-14     25.33
    22     3    0  2.200E+00  1.00E-01  7.63E-03  6.36E-09  5.49E-02 -3.74E-14     26.42
    23     3    0  2.300E+00  1.00E-01  7.57E-03  6.32E-09  5.39E-02 -3.68E-14     27.52
    24     3    0  2.400E+00  1.00E-01  7.51E-03  6.27E-09  5.30E-02 -3.62E-14     28.61
    25     3    0  2.500E+00  1.00E-01  7.45E-03  6.22E-09  5.21E-02 -3.56E-14     29.71
    26     3    0  2.600E+00  1.00E-01  7.39E-03  6.18E-09  5.12E-02 -3.50E-14     30.80
    27     3    0  2.700E+00  1.00E-01  7.34E-03  6.13E-09  5.03E-02 -3.45E-14     31.91
    28     3    0  2.800E+00  1.00E-01  7.28E-03  6.09E-09  4.95E-02 -3.39E-14     33.01
    29     3    0  2.900E+00  1.00E-01  7.23E-03  6.05E-09  4.87E-02 -3.34E-14     34.11
    30     3    0  3.000E+00  1.00E-01  7.17E-03  6.00E-09  4.79E-02 -3.29E-14     35.20
    31     3    0  3.100E+00  1.00E-01  7.12E-03  5.96E-09  4.71E-02 -3.23E-14     36.30
    32     3    0  3.200E+00  1.00E-01  7.07E-03  5.92E-09  4.64E-02 -3.18E-14     37.40
    33     3    0  3.300E+00  1.00E-01  7.02E-03  5.88E-09  4.56E-02 -3.13E-14     38.50
    34     3    0  3.400E+00  1.00E-01  6.97E-03  5.84E-09  4.49E-02 -3.08E-14     39.60
    35     3    0  3.500E+00  1.00E-01  6.92E-03  5.80E-09  4.42E-02 -3.04E-14     40.70
    36     3    0  3.600E+00  1.00E-01  6.87E-03  5.75E-09  4.35E-02 -2.99E-14     41.84
    37     3    0  3.700E+00  1.00E-01  6.83E-03  5.71E-09  4.29E-02 -2.94E-14     42.95
    38     3    0  3.800E+00  1.00E-01  6.78E-03  5.67E-09  4.22E-02 -2.90E-14     44.04
    39     3    0  3.900E+00  1.00E-01  6.73E-03  5.63E-09  4.16E-02 -2.85E-14     45.19
    40     3    0  4.000E+00  1.00E-01  6.68E-03  5.59E-09  4.10E-02 -2.81E-14     46.28
    41     3    0  4.100E+00  1.00E-01  6.64E-03  5.56E-09  4.03E-02 -2.76E-14     47.38
    42     3    0  4.200E+00  1.00E-01  6.59E-03  5.52E-09  3.97E-02 -2.72E-14     48.49
    43     3    0  4.300E+00  1.00E-01  6.55E-03  5.48E-09  3.91E-02 -2.68E-14     49.58
    44     3    0  4.400E+00  1.00E-01  6.50E-03  5.44E-09  3.86E-02 -2.64E-14     50.68
    45     3    0  4.500E+00  1.00E-01  6.46E-03  5.40E-09  3.80E-02 -2.60E-14     51.78
    46     3    0  4.600E+00  1.00E-01  6.42E-03  5.36E-09  3.74E-02 -2.56E-14     52.88
    47     3    0  4.700E+00  1.00E-01  6.37E-03  5.33E-09  3.69E-02 -2.52E-14     53.98
    48     3    0  4.800E+00  1.00E-01  6.33E-03  5.29E-09  3.63E-02 -2.48E-14     55.08
    49     3    0  4.900E+00  1.00E-01  6.29E-03  5.25E-09  3.58E-02 -2.44E-14     56.18
    50     3    0  5.000E+00  1.00E-01  6.25E-03  5.22E-09  3.53E-02 -2.41E-14     57.27
    51     3    0  5.100E+00  1.00E-01  6.20E-03  5.18E-09  3.48E-02 -2.37E-14     58.37
    52     3    0  5.200E+00  1.00E-01  6.16E-03  5.14E-09  3.43E-02 -2.33E-14     59.46
    53     3    0  5.300E+00  1.00E-01  6.12E-03  5.11E-09  3.38E-02 -2.30E-14     60.56
    54     3    0  5.400E+00  1.00E-01  6.08E-03  5.07E-09  3.33E-02 -2.26E-14     61.65
    55     3    0  5.500E+00  1.00E-01  6.04E-03  5.04E-09  3.29E-02 -2.23E-14     62.75
    56     3    0  5.600E+00  1.00E-01  6.00E-03  5.00E-09  3.24E-02 -2.20E-14     63.84
    57     3    0  5.700E+00  1.00E-01  5.96E-03  4.97E-09  3.19E-02 -2.16E-14     64.94
    58     3    0  5.800E+00  1.00E-01  5.92E-03  4.93E-09  3.15E-02 -2.13E-14     66.03
    59     3    0  5.900E+00  1.00E-01  5.89E-03  4.90E-09  3.10E-02 -2.10E-14     67.13
    60     3    0  6.000E+00  1.00E-01  5.85E-03  4.86E-09  3.06E-02 -2.07E-14     68.22
    61     3    0  6.100E+00  1.00E-01  5.81E-03  4.83E-09  3.02E-02 -2.04E-14     69.32
    62     3    0  6.200E+00  1.00E-01  5.77E-03  4.80E-09  2.98E-02 -2.01E-14     70.42
